|3| |3| |3| |3| |3| |3| |3| |3| |3| |3| 
3
vector::_M_range_check: __n (which is 10) >= this->size() (which is 10)
|17| |12| |2| |3| |3| |3| |3| |3| |3| |20| 
|17| |12| |2| |3| |3| |3| |3| |3| |3| |20| 
capacity: 10 size: 10

empty: 0 size: 10 max_size: 2305843009213693951
vector::reserve
capacity: 20
construct it:
|17| |12| |2| |3| |3| |3| |3| |3| |3| |20| 
capacity: 10 size: 10
construct copy:
|17| |12| |2| |3| |3| |3| |3| |3| |3| |20| 
capacity: 10 size: 10
operator = :
|17| |12| |2| |3| |3| |3| |3| |3| |3| |20| 
capacity: 10 size: 10
assign :
|42| |42| |42| |42| |42| 
capacity: 5 size: 5
assign with iterators:
|17| |12| |2| |3| |3| |3| |3| |3| |3| |20| 
capacity: 10 size: 10
insert :
|50| |50| |50| |50| |50| |50| |50| |50| |50| |50| |17| |12| |2| |3| |3| |3| |3| |3| |3| |20| 
capacity: 20 size: 20
it ret:51
|51| |50| |50| |50| |50| |50| |50| |50| |50| |50| |50| |17| |12| |2| |3| |3| |3| |3| |3| |3| |20| 
capacity: 21 size: 21
|17| |12| |2| |3| |3| |3| |3| |3| |3| |20| |51| |50| |50| |50| |50| |50| |50| |50| |50| |50| |50| |17| |12| |2| |3| |3| |3| |3| |3| |3| |20| 
capacity: 31 size: 31
|17| |12| |2| |3| |3| |3| |3| |3| |3| |20| |51| |50| |50| |50| |50| |50| |50| |50| |50| |50| |50| |17| |12| |2| |3| |3| |3| |3| |3| |3| |20| |50| |50| |50| |50| |50| |50| |50| |50| |50| |50| 
capacity: 41 size: 41
it ret:51
|17| |12| |2| |3| |3| |3| |3| |3| |3| |20| |51| |50| |50| |50| |50| |50| |50| |50| |50| |50| |50| |17| |12| |2| |3| |3| |3| |3| |3| |3| |20| |50| |50| |50| |50| |50| |50| |50| |50| |50| |50| |51| 
capacity: 42 size: 42
|17| |12| |2| |3| |3| |3| |3| |3| |3| |20| |51| |50| |50| |50| |50| |50| |50| |50| |50| |50| |50| |17| |12| |2| |3| |3| |3| |3| |3| |3| |20| |50| |50| |50| |50| |50| |50| |50| |50| |50| |50| |51| |17| |12| |2| |3| |3| |3| |3| |3| |3| |20| 
capacity: 52 size: 52
